	iFA1a	iFA1b	iFA1c	iFA2a	iFA2b	iFA2c	iFA3a	iFA3b	iFA3c	iFA4a	iFA4b	iFA4c	iFA5a	iFA5b	iFA5c	iFA6a	iFA6b	iFA6c	iFT1a	iFT1b	iFT1c	iFT2a	iFT2b	iFT2c	iFT3a	iFT3b	iFT3c	iFT4a	iFT4b	iFT4c	iFT5a	iFT5b	iFT5c	iFT6a	iFT6b	iFT6c	iNA1a	iNA1b	iNA1c	iNA2a	iNA2b	iNA2c	iNA3a	iNA3b	iNA3c	iNA4a	iNA4b	iNA4c	iNA5a	iNA5b	iNA5c	iNA6a	iNA6b	iNA6c	iNT1a	iNT1b	iNT1c	iNT2a	iNT2b	iNT2c	iNT3a	iNT3b	iNT3c	iNT4a	iNT4b	iNT4c	iNT5a	iNT5b	iNT5c	iNT6a	iNT6b	iNT6c
iFA1a	0.0	0.32838747635650467	0.2604565456094297	0.082487621925272	0.2502123075406538	0.10474204656104844	0.13253317909960993	0.137726353406822	0.094950019689289	0.08642260967492474	0.06949069003959268	0.17181850367675125	0.19340358790125986	0.12779124079848317	0.13737201366011279	0.14773141312921884	0.16225323301916658	0.15781485343864388	0.3005952527335093	0.26998454161192714	0.2594521509893985	0.30096583938344684	0.2813749722354083	0.2713748864365799	0.26132158633767283	0.14423341596812841	0.09304998117302338	0.24055445514952192	0.11432635332802803	0.11719412078323585	0.16762679224229463	0.16076595308442423	0.09332671917563756	0.11765197938459035	0.14485605230054044	0.16433801536461118	0.1380719565068468	0.2968880946929527	0.1936406329468576	0.24339108932891831	0.6073595186785472	0.20636813482100375	0.3413863027256344	0.3767478573820501	0.20785040810170238	0.422520988779681	0.39577158692134695	0.33337748606695294	0.43516161026800493	0.4827138130933947	0.27997523669939794	0.4413628969829898	0.2799129282738031	0.5996030925634632	0.31997474462573056	0.29129396726789974	0.30061120656214735	0.2903502700515013	0.24147665187864337	0.23235466965547436	0.24615212233044054	0.4328329864558685	0.4451511232211128	0.427237101072382	0.37274609801697767	0.3220028254691267	0.49009311975720216	0.6614517256215011	0.39420385642417527	0.6254174886059145	0.6436269232150995	0.5958463611253941
iFA1b	0.32838747635650467	0.0	0.11321113277771996	0.37090409007499725	0.4804526968923957	0.3453630764593489	0.3170149451211274	0.30779658047169706	0.37568847875964817	0.31500369770065617	0.33932824349524415	0.2981016590132818	0.2832766260941099	0.32577006008810905	0.2831276599199758	0.3583457317781564	0.37198117644060175	0.2881258887615108	0.4846333672884278	0.4537558016099819	0.41689477954857884	0.4801269639784151	0.33520833684271145	0.208732256704665	0.19864083882655587	0.3023308462824354	0.3382298468056411	0.19679540942363521	0.3130200826794888	0.36950838437680333	0.23520343038288788	0.27523851543651806	0.3699142831550572	0.2978347988706424	0.26630701849177074	0.28472092589113984	0.38177855602195077	0.4871782924698279	0.37302762240884313	0.3960906014356102	0.7758632104689944	0.3452687417863372	0.42991398630900657	0.48091424411884226	0.3462251128838289	0.37532989759104096	0.589270721993775	0.5114997222410859	0.5654859610806985	0.6549290636210695	0.45182810553422387	0.5841370798525403	0.28129624224724886	0.7512458758180415	0.30721797220074276	0.4750707868869679	0.4874087455233441	0.27907279049209804	0.3384738732891588	0.32906131219331275	0.4246640518369467	0.20746203374261962	0.6090815171646076	0.7122582431632826	0.619838779378224	0.6008217627184057	0.5141141831794345	0.819125680088596	0.4067709061231378	0.8039956676445627	0.8274604268696615	0.7497871541277509
iFA1c	0.2604565456094297	0.11321113277771996	0.0	0.30114494807292236	0.41024286211811734	0.2658742479479484	0.23391606279558647	0.22382802991129294	0.3062507480395283	0.2461792051270848	0.270297162857339	0.2647283350369719	0.24307262535766372	0.2650623580614627	0.21964239031800248	0.281354399930543	0.29359883725960145	0.24493717399771098	0.4083267895613534	0.37881486932711933	0.3404461498920742	0.4078475289401367	0.2607261714257277	0.15751494954272005	0.13498952874223827	0.22204950107480842	0.2615803984482319	0.11775924439267138	0.24126024377233315	0.2863921184321317	0.19990208851085886	0.23585570428873154	0.31117388958565884	0.22639529404921555	0.22452783065412832	0.22459875056502085	0.3217324904346498	0.41088836386549543	0.29980552665505705	0.34646300595896284	0.7230658197672573	0.280525880794134	0.3787422996663925	0.4274932746047409	0.29479624999028164	0.3471802958040953	0.5381323991859547	0.4645746564083624	0.5145196605219228	0.602848351385009	0.4005879406428842	0.53803750789542	0.2983563257104534	0.7043953725142695	0.24334052273654275	0.39902290989370154	0.41313724768879806	0.2837233399481486	0.28326479243399255	0.27004734055606366	0.345380132336686	0.293493622665149	0.5293600656793092	0.652013304666335	0.5659671046350567	0.5429551346204344	0.46846414165891515	0.7679106427917194	0.40958845471536987	0.7558887441507366	0.7776943391454056	0.7023005371372136
iFA2a	0.082487621925272	0.37090409007499725	0.30114494807292236	0.0	0.23553311691004347	0.08463016558968925	0.14542378729811023	0.17972754963332954	0.0492139674640115	0.07493161701791148	0.0563936418859483	0.16802538998008554	0.18900335210217314	0.12542405182905778	0.14908111049869427	0.14062224338490228	0.17637326406836668	0.15588559351469844	0.27167134175434293	0.262586740324315	0.26456719294361775	0.28003791824164953	0.28951835185292185	0.30133613609233334	0.3059261156967445	0.1704491710422138	0.1192407672524772	0.2663329667261915	0.09626766855350327	0.09776065778195253	0.17946202097941996	0.17602263238506433	0.030581254064368298	0.11550137318870458	0.1572278897103492	0.18354928945495091	0.11425387477503177	0.2549530596053189	0.170800614649439	0.24266539265581089	0.6154543298640898	0.20741047438589938	0.35879489219025557	0.3922344543688676	0.20060786369406272	0.4480566104241573	0.41752570199191597	0.3530745373782551	0.45011602313003646	0.5093059717418555	0.2979041181866923	0.44220322746139396	0.2822064003511002	0.6122793471573299	0.35707877690600315	0.27332193890919	0.27592116025194185	0.3056517682085634	0.23249841275258668	0.26003741539867214	0.24751811517039699	0.4644707365909837	0.4671969530972342	0.4423499591001931	0.39311242755922754	0.30090597613383985	0.5261826848206171	0.6772497736795497	0.4075496245615701	0.6574142964615887	0.6605312229376471	0.627981680863483
iFA2b	0.2502123075406538	0.4804526968923957	0.41024286211811734	0.23553311691004347	0.0	0.19400655433038888	0.2816685981311655	0.30572986389065937	0.24074773617250533	0.24356660705510913	0.21870894999869084	0.32921393455253034	0.3646341399946222	0.2920734219662184	0.3041587614833775	0.1783835181275365	0.1939227723996774	0.31823684118409407	0.15085177341527498	0.1791601422902006	0.18892516805409718	0.1215631584902666	0.2537655755450508	0.38944415358016504	0.345618481437949	0.25969397174468745	0.22330771184697554	0.37940313839964385	0.2541772321904561	0.16475918397221864	0.34456950774829603	0.3412356530092191	0.2428361096646882	0.2579689134310572	0.3001940664546918	0.3120113096431904	0.2756140997091835	0.19717125397257595	0.25194462882193575	0.32441362354007086	0.6639167130044485	0.2770679413098637	0.4928450320663866	0.5203665784296272	0.3089755179461199	0.5802819652246834	0.4810945640643905	0.4054810819229158	0.5292171129596625	0.6036064414437093	0.3537657922601098	0.5319978631503613	0.4093695863847316	0.6797345133752577	0.45097727022645584	0.20680075063374287	0.20257322756735108	0.4185075145069983	0.33476175059718744	0.36259473715104557	0.21307288302537444	0.5851819940915486	0.5127917906118952	0.48850932413651205	0.4736246271020541	0.36389486179069364	0.6539267160099334	0.7426847216898458	0.5329581435607397	0.6921360833141009	0.687581615626568	0.6735159978647393
iFA2c	0.10474204656104844	0.3453630764593489	0.2658742479479484	0.08463016558968925	0.19400655433038888	0.0	0.11030099652819429	0.1349503821437346	0.12688988773327414	0.08440925870386663	0.05471030292774922	0.150747968525907	0.1789595225245608	0.10670169952410344	0.1288050380722131	0.07332025225723499	0.11192958908891558	0.13138648798444347	0.21277717515422545	0.24290109378060368	0.23189115172727542	0.22091280265146854	0.2487334104160261	0.2745800965905329	0.23042671644262655	0.10547724722763951	0.06817183477731792	0.24212758286054076	0.14694123600105186	0.08348944770367228	0.16938919206952602	0.16784823690497241	0.11189540476117589	0.08896694708765993	0.1357059551610317	0.14486407246630884	0.16769875911215307	0.24626609960293253	0.15170163490856414	0.2337372368711727	0.6142031818767433	0.1960835796900367	0.3518254197775468	0.39123656119858957	0.19584866284290556	0.4393803564682616	0.41705005408275425	0.3512708476077839	0.46147886114044456	0.5085381036499302	0.29273344542268187	0.4418427666824893	0.27500056867293576	0.6117755153387319	0.3317218163673601	0.26401918799294755	0.2678158818398788	0.2908567521774719	0.20772249791422762	0.2361187081329452	0.23189251369765615	0.45470596910609956	0.44855799471809804	0.4898515333770055	0.44655042414643464	0.38156219283012816	0.5184537847114349	0.6788456995133297	0.4003328616240296	0.6589703187396753	0.6633154551850532	0.6281497571934177
iFA3a	0.13253317909960993	0.3170149451211274	0.23391606279558647	0.14542378729811023	0.2816685981311655	0.11030099652819429	0.0	0.06518023529434969	0.16275416851129323	0.0865182978544106	0.10268091314330095	0.12236755658694598	0.16468551213619909	0.11253604401315495	0.1251329301562855	0.13853702872702595	0.13543218334807952	0.10924491068599988	0.2855228346368623	0.2762756889935288	0.2723077643242347	0.2891950914148436	0.2954728296952663	0.27741998811991364	0.2639847324493631	0.13159116006321514	0.08966648911625139	0.23977320718011497	0.19988526666646844	0.1443468904896852	0.15985198351796198	0.1348042541010682	0.15933580248505724	0.07825033030070297	0.09483684827840887	0.10797550653712576	0.1805173116725425	0.28460123552644817	0.18534682606887073	0.1874621171023097	0.5598672470383618	0.20337968857380348	0.2991492101966593	0.337263593425114	0.20833773366383004	0.374561432844117	0.36185055941947786	0.3046206022810468	0.43024167485617804	0.4543458479647518	0.248395281318288	0.39229329590386086	0.24910831318315488	0.5565782193840365	0.28658598276688396	0.2978392994955337	0.2970510067631152	0.2592704314416565	0.2290345390128089	0.1966327817851331	0.25111207386484374	0.3943108219471263	0.4005558967634054	0.4619508683851849	0.42155420556797923	0.3631369262949892	0.4721110963442402	0.6189687805822862	0.317195325270141	0.6093087542610941	0.6142889324977314	0.5784886953361591
iFA3b	0.137726353406822	0.30779658047169706	0.22382802991129294	0.17972754963332954	0.30572986389065937	0.1349503821437346	0.06518023529434969	0.0	0.18311308782089905	0.14308478819801682	0.14090366931453366	0.17560300166292334	0.17527757149012305	0.14096812798957117	0.13456698535832837	0.1619181393311773	0.14130127240745508	0.14984565995449817	0.3143401508344943	0.2956694898047456	0.2607285248590843	0.3149988374503899	0.27342390398158817	0.2603494040661855	0.22703482006808204	0.11354524815983474	0.1062023003687969	0.22474417541682098	0.1817761796217289	0.17226661338822258	0.15636301837545336	0.15328554191155375	0.19619087837613047	0.12407898192853214	0.13499847141708368	0.13156528991731392	0.20335712966556463	0.3222758055187571	0.2070504020871149	0.19255699241077084	0.5582644403980215	0.19675013597171379	0.2704362808090362	0.3079742550725342	0.2065482654384757	0.33763810378402004	0.36681277350907016	0.29121055026702336	0.41348753028203156	0.44531702807701057	0.24533693116674216	0.39334535321041153	0.2747050843295665	0.5423625394584956	0.253685158207723	0.31781827602221174	0.3283478619717092	0.27514847485054234	0.25030732611178264	0.18165190780274465	0.25294456985237734	0.37356837680930316	0.37314672690880185	0.4786001184590481	0.4037013345642501	0.3715785464330056	0.4318255242997799	0.6067630112530122	0.32272735085161697	0.6041741688642056	0.6233764441911055	0.5598316001411409
iFA3c	0.094950019689289	0.37568847875964817	0.3062507480395283	0.0492139674640115	0.24074773617250533	0.12688988773327414	0.16275416851129323	0.18311308782089905	0.0	0.11223003155053865	0.09549363259709939	0.20246171226072562	0.20452509212571734	0.1524463596395608	0.14976990899572815	0.16618461408188903	0.17561321049270678	0.19054395985817305	0.28550125954491207	0.27281573583959645	0.2646248004217482	0.28843222142149777	0.28648571931985917	0.3070176548814393	0.299068803522659	0.18743825968894662	0.12783473901291084	0.2744752151287789	0.1017842364416825	0.1037346650228694	0.20007938042950127	0.19538022992555093	0.050207484175677025	0.1416861276339108	0.1680618427438238	0.185845913835639	0.12151968726820939	0.2696522621692502	0.1851468684728475	0.2420492527682899	0.6139313240266214	0.20906281097451768	0.3652794697117296	0.38846716263177683	0.2124319049857923	0.45223480224889623	0.4152466754324284	0.34916185602502325	0.4447430318237377	0.5039340691467352	0.2948442494058865	0.4423133002533317	0.30103114918514634	0.6082416912303756	0.361630788899097	0.2819938316261882	0.28244816578840004	0.3185905252871385	0.2616430323769621	0.2679789175713833	0.2412418029272237	0.472558877979284	0.4590790495596079	0.44309082873927597	0.38622451627243	0.28416236049711435	0.5301054608103138	0.6700084582542996	0.42247181784958954	0.6530122214151997	0.6608211437843876	0.6189093366138222
iFA4a	0.08642260967492474	0.31500369770065617	0.2461792051270848	0.07493161701791148	0.24356660705510913	0.08440925870386663	0.0865182978544106	0.14308478819801682	0.11223003155053865	0.0	0.04749000640944044	0.10334481156188907	0.1488921922963117	0.10860735220686327	0.09881046601210342	0.1409000332756197	0.18239788349711977	0.09286822089245438	0.27876280139731696	0.26848988695835313	0.26981094657932325	0.28703216431441086	0.2951091819925223	0.28667074195103015	0.2797150420268764	0.13035622734619495	0.09907937909945869	0.2386335892442777	0.1427277914309021	0.10451433948481942	0.12397550604944692	0.11781237349927255	0.08875223152609163	0.047414068243210844	0.0903663770225464	0.1175741228455528	0.15702256022193048	0.2747425713293708	0.1833785340469344	0.2435734977289179	0.6178708059701987	0.20812258179326296	0.35565903393385445	0.3945119367057359	0.20287583053957	0.4309450249061751	0.419971746024236	0.3567346915937665	0.4485858130854091	0.5120488189896473	0.2978433868156639	0.4444257836080819	0.2384124231490931	0.6143223644129088	0.3494698591575979	0.28828240313328857	0.28829028264152506	0.2575843046333192	0.21739619570778052	0.24252790005662325	0.2624473233953846	0.4189316298483624	0.4644867965859266	0.4686306282425155	0.42642944454295895	0.36449068701704734	0.5180035265396381	0.6748473644785404	0.3622380736206254	0.6548598020705839	0.6573417424798939	0.6250305262666773
iFA4b	0.06949069003959268	0.33932824349524415	0.270297162857339	0.0563936418859483	0.21870894999869084	0.05471030292774922	0.10268091314330095	0.14090366931453366	0.09549363259709939	0.04749000640944044	0.0	0.13140749133652047	0.17491385421065783	0.09834678570455935	0.12275798739419778	0.11330953798774102	0.1492717580978913	0.120796521847709	0.2519742930766315	0.25207415443947445	0.24715671754797766	0.26010249846401323	0.26993615791034864	0.284170690187762	0.26862399886796756	0.1291696332016471	0.07874918396605673	0.24823251002223293	0.11954674791908729	0.08822505411431682	0.165861292478445	0.15931245409817907	0.07425257005886089	0.08384578126010657	0.1266207366620758	0.15232345482229961	0.13054090800524543	0.2570168690111654	0.15654848597944548	0.225141875432865	0.604756678594095	0.19005386993937157	0.342703160852819	0.3820641541965359	0.18832348683472466	0.42955055083148513	0.40816046825087715	0.34464572249430353	0.4433772256384645	0.5003663487239235	0.2856682184627786	0.4308865120931919	0.2715569444025632	0.6044918948438655	0.33324695232928464	0.27463210548398864	0.27500970317773715	0.28771322468555294	0.218423166424549	0.2387809622555759	0.24846499963824523	0.44904787767656446	0.4567859414735153	0.4504283251037915	0.4086375147600329	0.346153382206136	0.5133723062176184	0.6702225653818236	0.3904727854975984	0.6498085802759965	0.6522908697203507	0.6199643567120638
iFA4c	0.17181850367675125	0.2981016590132818	0.2647283350369719	0.16802538998008554	0.32921393455253034	0.150747968525907	0.12236755658694598	0.17560300166292334	0.20246171226072562	0.10334481156188907	0.13140749133652047	0.0	0.09752851407003785	0.10957698932900324	0.13060432270806951	0.16708060051808693	0.20772614283916746	0.042263433142158115	0.3048685153126086	0.2896453622771433	0.2922713418815682	0.30576309805256674	0.3131410990252877	0.30622135732325334	0.3228126403592605	0.1462669367066304	0.1707998586264111	0.2800971329936763	0.23105918888315147	0.1868025264897646	0.12266506075099375	0.05991981970993405	0.17631051807035397	0.09245860196446408	0.06374377566970107	0.09472312828788584	0.2376800550248408	0.29885162146521116	0.21548667801275642	0.2534302241799518	0.6033317790822784	0.2328443961026381	0.33416447899672663	0.37715321688432313	0.19145258345474087	0.4069704475721449	0.40665553401676513	0.37307232318190237	0.5086010476507286	0.5050125494870779	0.29890149123920934	0.45752084238371027	0.20597617305202723	0.6192313203635071	0.36045883506329696	0.30632938135703563	0.3082956228304509	0.20439062829680982	0.23900578763460403	0.288388053020439	0.29390716332542305	0.35744047643849886	0.48087107571172566	0.5529400454490468	0.5096158540154283	0.44883700547249245	0.49741254439269844	0.6619784112569159	0.32131807225711545	0.6395443636646453	0.6403055433495183	0.6125105053746919
iFA5a	0.19340358790125986	0.2832766260941099	0.24307262535766372	0.18900335210217314	0.3646341399946222	0.1789595225245608	0.16468551213619909	0.17527757149012305	0.20452509212571734	0.1488921922963117	0.17491385421065783	0.09752851407003785	0.0	0.12938357629301658	0.07545473844267453	0.20901555690608048	0.24171118425056806	0.09112025758955034	0.3521305342987436	0.3364870096883528	0.3269543838563449	0.3530741028962015	0.3361384287675991	0.2940332379483826	0.28436637492638056	0.17060177392199222	0.2005065590314816	0.2561394046545317	0.23649644106317969	0.21555901033550304	0.11707918395014125	0.09416802939270162	0.205597570786339	0.13547223259739236	0.10523369972460768	0.11055642396587972	0.21139012878298583	0.3346822794840723	0.19896892832462468	0.24970563084178976	0.6289050942859924	0.22950936905810318	0.2987220864277059	0.3319391803038336	0.17453776316161354	0.3901033860442683	0.4175562172136898	0.38177925876667274	0.5074488009968291	0.4961155714663726	0.30954471027639524	0.4619729290880527	0.19800354674772638	0.6276687426657204	0.34970915577052425	0.34436193805174137	0.34758525040902044	0.20768569524642083	0.24726905882878408	0.2790179372494574	0.3021826460543226	0.33983586090156565	0.48620345176944224	0.5821602752157536	0.519558306188857	0.47436656230137175	0.47501812772194313	0.6748130737791891	0.3286830542754709	0.6705004747433256	0.6769572813856615	0.6286485076997324
iFA5b	0.12779124079848317	0.32577006008810905	0.2650623580614627	0.12542405182905778	0.2920734219662184	0.10670169952410344	0.11253604401315495	0.14096812798957117	0.1524463596395608	0.10860735220686327	0.09834678570455935	0.10957698932900324	0.12938357629301658	0.0	0.11620093567439832	0.1379485119273674	0.16983101993160585	0.08144987810652866	0.2811840905519696	0.26833437468988136	0.2635720518253032	0.2854418975125742	0.28742118046516063	0.2841238764048881	0.28811240956652084	0.1396153156967742	0.13656717148057648	0.2543246016341884	0.19142249540007503	0.14600232583111997	0.15545815089542214	0.12612284135443405	0.14480029848061604	0.11100779026503556	0.11403459161946476	0.13788295213423363	0.17732553495318482	0.27053811902010616	0.1355381195525086	0.15672189257066982	0.5365857141710227	0.13560589023086872	0.2613805369297788	0.30520308877923774	0.10181545380739809	0.3553872309888542	0.3149092866217422	0.27382300930397996	0.4404847103639658	0.43742619161322355	0.19960579302763667	0.38256594957541	0.2440437091880224	0.5543419390325955	0.33201461906886387	0.28465083274627223	0.28441472148438957	0.2532180268076958	0.22334412136461948	0.25102891502441116	0.24733984139856305	0.4111675930942195	0.4195220385270585	0.49266448292521714	0.4436430209122006	0.3922522490556187	0.44674863689611605	0.6085829231167107	0.3442536015746658	0.5927222054773978	0.5978063303156987	0.5588423992524595
iFA5c	0.13737201366011279	0.2831276599199758	0.21964239031800248	0.14908111049869427	0.3041587614833775	0.1288050380722131	0.1251329301562855	0.13456698535832837	0.14976990899572815	0.09881046601210342	0.12275798739419778	0.13060432270806951	0.07545473844267453	0.11620093567439832	0.0	0.1800647915025263	0.2023281308047777	0.1026116785936316	0.3263415806752906	0.3092194434083484	0.29769248524626346	0.3269805317168524	0.3061263557059684	0.2781250219535664	0.2494333531317934	0.14303014489115723	0.13897255222949562	0.2292722237671929	0.18503833096410685	0.1622559487915227	0.11015303811669361	0.13022450817613276	0.16581956954540292	0.08582419850090175	0.11033901719222253	0.10625761027809359	0.1769107002135637	0.3173665978302353	0.17641624065846684	0.21820695895105535	0.6216446213516259	0.18849223537426338	0.309010723189913	0.34022859863863486	0.17462870799641408	0.3942423951314155	0.4139635508503349	0.3507567257127128	0.4579160611120151	0.4881892419789897	0.2888115644198502	0.43463463033960226	0.22929211739365954	0.6089398957973138	0.3361152652905477	0.32511667933683186	0.32631636184792245	0.24394734044490063	0.23721103832104218	0.24407219449112433	0.2773836227459536	0.38571392069769184	0.4614677455556143	0.5310288587970154	0.46849440258873754	0.42296151493482065	0.4797479914953117	0.6713045054339118	0.3493629785814528	0.6658591287512445	0.6735672605710681	0.6245939476110526
iFA6a	0.14773141312921884	0.3583457317781564	0.281354399930543	0.14062224338490228	0.1783835181275365	0.07332025225723499	0.13853702872702595	0.1619181393311773	0.16618461408188903	0.1409000332756197	0.11330953798774102	0.16708060051808693	0.20901555690608048	0.1379485119273674	0.1800647915025263	0.0	0.06250321264827953	0.16046991232706292	0.20595025966597638	0.23675182874468434	0.22089768136827495	0.17763106055882089	0.2382413024656307	0.27200033894964487	0.232690258589503	0.10061920174269504	0.10332143240709322	0.2596331315353228	0.18576798934727778	0.10731896562930288	0.21338957791804639	0.188701950500245	0.1467729136605413	0.133541587747544	0.15099383036178085	0.15597117284941123	0.21935501442535466	0.2505463642422816	0.18056806577859497	0.2493533580340617	0.6237610588911976	0.2237226929465076	0.36815302101567754	0.4035275961700949	0.2152686142742621	0.4555319064867029	0.42919186130583686	0.38069659566646535	0.49866339621222905	0.5256820332964774	0.3079748329804584	0.46639235376514	0.30142128950725994	0.6312983405997191	0.33030859595877043	0.2581824409871584	0.2578483214153833	0.30106341475152204	0.2200283919166244	0.26375727952744155	0.22322607166503863	0.4636836063339007	0.4488721680928696	0.5221267377117924	0.48166829995155275	0.41286318936790367	0.5304812507083508	0.6829387117828489	0.4102935073785799	0.6598018637103951	0.6629134029286087	0.6282888012087556
iFA6b	0.16225323301916658	0.37198117644060175	0.29359883725960145	0.17637326406836668	0.1939227723996774	0.11192958908891558	0.13543218334807952	0.14130127240745508	0.17561321049270678	0.18239788349711977	0.1492717580978913	0.20772614283916746	0.24171118425056806	0.16983101993160585	0.2023281308047777	0.06250321264827953	0.0	0.19627564529824476	0.23682552597453171	0.25525240652024106	0.2363979782588361	0.202765323077309	0.24950417226075766	0.2846125872500245	0.23740812079040177	0.12847994697073425	0.10700845901044886	0.2757302002527103	0.19589958590902296	0.12993239114141175	0.23701989646761162	0.21275120666943056	0.18537670205226964	0.17020525642915485	0.17975432215042736	0.1800916337970026	0.20537350516400055	0.27757795323259865	0.19240524198688402	0.22790816766056682	0.5949155076468102	0.22472320374434082	0.3455372508796955	0.37211865306820424	0.22106682257389515	0.4290198994309097	0.40695805703588694	0.3394636003019086	0.4633556638104269	0.4965005044900169	0.2754349141920425	0.43450799102700044	0.32077859678825016	0.5940620729562522	0.3099704990242114	0.27209789154162295	0.2820727161505903	0.317999027116971	0.25738152334242703	0.23849545648552978	0.21795999846653438	0.44678903867551856	0.4144041301124439	0.4965053672418149	0.4425934395556777	0.37893027728909245	0.49968872844933626	0.6493771908326994	0.39612766749987505	0.620841566791156	0.6349340435136133	0.5903288988653572
iFA6c	0.15781485343864388	0.2881258887615108	0.24493717399771098	0.15588559351469844	0.31823684118409407	0.13138648798444347	0.10924491068599988	0.14984565995449817	0.19054395985817305	0.09286822089245438	0.120796521847709	0.042263433142158115	0.09112025758955034	0.08144987810652866	0.1026116785936316	0.16046991232706292	0.19627564529824476	0.0	0.29535803111249753	0.27866621795412655	0.2767319810609515	0.2995555805749975	0.2980994618227747	0.2911163271505186	0.30456834619945994	0.12918133980843224	0.16093789131697678	0.26355530385938986	0.21321017441783027	0.1770363871434766	0.11088115643114756	0.07678371272766979	0.17557072506828228	0.0848022894331493	0.06741684901401178	0.08435834174864379	0.2074072724011862	0.28894306745679715	0.18031124325873982	0.2231063052247081	0.5832130175869543	0.20228665575679622	0.3033410183411676	0.350838649872454	0.1577579815886818	0.3847160068235607	0.38025955241353987	0.34546591647927644	0.49053209227029027	0.4837462216728553	0.26957938430607864	0.4351383828910344	0.21176602872638028	0.6054287833945724	0.34655796233304664	0.29824627764486084	0.3026520345794496	0.2081771508667303	0.22577193558705488	0.27266916137876546	0.2712912797763278	0.3644101323566354	0.45205757438884525	0.5468050920525325	0.4952755595537621	0.4420554931524586	0.47701344510996496	0.6461289640932572	0.3077281505376014	0.6330123737997417	0.6364799692363795	0.6012557184331282
iFT1a	0.3005952527335093	0.4846333672884278	0.4083267895613534	0.27167134175434293	0.15085177341527498	0.21277717515422545	0.2855228346368623	0.3143401508344943	0.28550125954491207	0.27876280139731696	0.2519742930766315	0.3048685153126086	0.3521305342987436	0.2811840905519696	0.3263415806752906	0.20595025966597638	0.23682552597453171	0.29535803111249753	0.0	0.05401754206802104	0.07477931255805281	0.049429510427902446	0.16319458906526893	0.34063220558446156	0.36612205996698155	0.24712337030561646	0.2606714545215208	0.35192268857689674	0.29208591028629227	0.19330948103293485	0.363230510646832	0.34064270637844957	0.2808718986328381	0.2762431076714703	0.30091144927649666	0.2964898919989582	0.3190815452969337	0.07344900701683667	0.21035717394207892	0.32340132906197744	0.6535410597757944	0.273877773293452	0.4791076719638408	0.5131198303641901	0.2954001637963215	0.5661305096702783	0.4739382339086656	0.42525071687768246	0.5698041825391491	0.602169725194738	0.35375577451025914	0.5464099050767005	0.41719827650589186	0.6891033679844895	0.38962226279847517	0.08778934555930186	0.07776924619117714	0.3893912683323277	0.2550503569305137	0.35198251944602793	0.13945871037175803	0.5747751502947032	0.46764761848966235	0.5348342449643511	0.5259866158179574	0.418285569355484	0.6417112089781865	0.7299138642182346	0.517487811747383	0.6818603477048355	0.6756511410898584	0.6683827398201758
iFT1b	0.26998454161192714	0.4537558016099819	0.37881486932711933	0.262586740324315	0.1791601422902006	0.24290109378060368	0.2762756889935288	0.2956694898047456	0.27281573583959645	0.26848988695835313	0.25207415443947445	0.2896453622771433	0.3364870096883528	0.26833437468988136	0.3092194434083484	0.23675182874468434	0.25525240652024106	0.27866621795412655	0.05401754206802104	0.0	0.05221572491440612	0.08163928140773219	0.15079716422551004	0.3088508128601223	0.37810031341776773	0.24493834316235927	0.2697130776031759	0.31623816741217553	0.26629223179448186	0.19763685091316222	0.32977088851789926	0.30798989315566194	0.2668296470242655	0.2667098228342813	0.2857853626609844	0.2904219876653209	0.30682275533525155	0.047643755195917736	0.1985066025582832	0.30919606129893046	0.6316942144430455	0.250596494225231	0.45319908243687484	0.4882333508910778	0.26957550833541566	0.5346807469143819	0.45875864137553085	0.40036667844676416	0.5458459738236515	0.586474997104906	0.3314554055388859	0.5292136465517112	0.40016690306352976	0.6678415747834295	0.3540530964155027	0.04514909938476606	0.045891467604491226	0.3662133205199579	0.23742227535659532	0.3273224013664024	0.11469967575558353	0.5416395264868763	0.44126567874986755	0.5208605698620099	0.501600333357094	0.39739013052188843	0.6082405727122216	0.7071901341169297	0.4987179175301644	0.6588280969149419	0.6560328923285612	0.6438179950050742
iFT1c	0.2594521509893985	0.41689477954857884	0.3404461498920742	0.26456719294361775	0.18892516805409718	0.23189115172727542	0.2723077643242347	0.2607285248590843	0.2646248004217482	0.26981094657932325	0.24715671754797766	0.2922713418815682	0.3269543838563449	0.2635720518253032	0.29769248524626346	0.22089768136827495	0.2363979782588361	0.2767319810609515	0.07477931255805281	0.05221572491440612	0.0	0.09679896687907573	0.10781003309010298	0.27829706907541557	0.3312708768463334	0.20431444336229376	0.25238028659077544	0.2837243365564268	0.228444615235873	0.19081186627958766	0.29567679047061723	0.2880486314990557	0.2658700589886467	0.2593986879791193	0.2774191898080254	0.27325860237951294	0.3046210501845878	0.08951339154173948	0.1954277722058556	0.3025345934382002	0.6231493320679086	0.22526914711823018	0.42814549167046506	0.46371108878633394	0.25305470305347005	0.5053576807370914	0.45357785118225014	0.38614323005589	0.5274010903704908	0.5760182035881298	0.3244979786952179	0.5216530149378283	0.3926611214005051	0.6510984525623347	0.3273560939828274	0.07859754084639185	0.09027587736409988	0.35712459447299777	0.23948867389810757	0.30362151853914554	0.10065628379637216	0.5085767393931229	0.42524612460068234	0.535220283166461	0.4837646553450165	0.40633992352575093	0.5761601874152125	0.6964465047971389	0.49364994760910696	0.6495314699534538	0.6667793113080266	0.6245062265681458
iFT2a	0.30096583938344684	0.4801269639784151	0.4078475289401367	0.28003791824164953	0.1215631584902666	0.22091280265146854	0.2891950914148436	0.3149988374503899	0.28843222142149777	0.28703216431441086	0.26010249846401323	0.30576309805256674	0.3530741028962015	0.2854418975125742	0.3269805317168524	0.17763106055882089	0.202765323077309	0.2995555805749975	0.049429510427902446	0.08163928140773219	0.09679896687907573	0.0	0.16308262233319074	0.33840524684921564	0.3547196333360928	0.23785322220037317	0.26087060752863295	0.354678880038862	0.2917821064815469	0.1974421210661087	0.36253395983512104	0.34069242798093463	0.2800029709102196	0.2798222697830004	0.3024525929957818	0.29747561622057905	0.326385646627779	0.10422070370819413	0.21737580268823098	0.3198941076205401	0.658145795688138	0.27209666409714456	0.47885493771343235	0.5132995823959541	0.29798912420005946	0.5665530394651579	0.47695320632227156	0.42563331305014596	0.5711729745403479	0.6053228782500059	0.35568436961356004	0.5518891983123962	0.42155590562193773	0.6922383335249832	0.39390049096324886	0.11126226240020475	0.10627078975712137	0.3935800361885534	0.26819116677505617	0.35574381332105315	0.14714782500879622	0.5741020242598833	0.46933673876550963	0.5413639543872091	0.5275210000346525	0.4216132632485933	0.6415625264127989	0.7323704777603051	0.5217377871790005	0.6846773599152128	0.6789496414721772	0.669236815461618
iFT2b	0.2813749722354083	0.33520833684271145	0.2607261714257277	0.28951835185292185	0.2537655755450508	0.2487334104160261	0.2954728296952663	0.27342390398158817	0.28648571931985917	0.2951091819925223	0.26993615791034864	0.3131410990252877	0.3361384287675991	0.28742118046516063	0.3061263557059684	0.2382413024656307	0.24950417226075766	0.2980994618227747	0.16319458906526893	0.15079716422551004	0.10781003309010298	0.16308262233319074	0.0	0.22397979191789688	0.2421814793247689	0.21077610976782699	0.2651861056416944	0.20582168598252729	0.21212150405855806	0.2152125661096075	0.27811546695230865	0.3085259735048506	0.28911322331901185	0.283441633550516	0.30047459059683185	0.29009009219092197	0.31901289538275773	0.19060799748054832	0.21053267582046642	0.3149534807919966	0.6767257946109023	0.21954746298853783	0.41034144022470553	0.45818939767290623	0.26702831871307137	0.4628128698946959	0.49419377159935485	0.4273314483552194	0.4988565197590684	0.5816055241579012	0.3595748828947058	0.5248223890914956	0.3964587449954425	0.6646597459418179	0.28425038113656625	0.17394250952348309	0.18870173701937945	0.35540137672953775	0.24400006132657198	0.30311558486160567	0.1479039924153858	0.46006142083154866	0.4319385861115299	0.5919739339323341	0.5108415281254581	0.4618421553627672	0.5202196740238615	0.7136963265478669	0.4939819805200194	0.704140216408219	0.7227533381321225	0.654497212101192
iFT2c	0.2713748864365799	0.208732256704665	0.15751494954272005	0.30133613609233334	0.38944415358016504	0.2745800965905329	0.27741998811991364	0.2603494040661855	0.3070176548814393	0.28667074195103015	0.284170690187762	0.30622135732325334	0.2940332379483826	0.2841238764048881	0.2781250219535664	0.27200033894964487	0.2846125872500245	0.2911163271505186	0.34063220558446156	0.3088508128601223	0.27829706907541557	0.33840524684921564	0.22397979191789688	0.0	0.1830906893459946	0.2301609781309331	0.2694633556880435	0.15033444789422076	0.25912917916618833	0.27372231637564753	0.25545176065214376	0.29156026839972665	0.30930178732222646	0.27866884703320083	0.28213560832866275	0.26663966261241345	0.30502582677072376	0.33312849154923335	0.24801327085155564	0.3453916346022381	0.7133489231161498	0.27211936535088493	0.35947845735237	0.4177941703059884	0.2881488507218712	0.3011503011855964	0.5332566591924186	0.46417343600176764	0.5030457891846768	0.6026422451633757	0.39902785243302696	0.5366740113027177	0.3242059754496897	0.7034981061300973	0.14205701916269065	0.3191344782854074	0.33334204125127187	0.28811812613579	0.2010172755657699	0.22718046434342365	0.27894691532855376	0.272154888525196	0.47264834651721477	0.6315004909055942	0.5468903547289098	0.5225677902722953	0.4620504626768582	0.7536658734192593	0.4213783646874268	0.7408408983977066	0.7624203992746491	0.6926641140495622
iFT3a	0.26132158633767283	0.19864083882655587	0.13498952874223827	0.3059261156967445	0.345618481437949	0.23042671644262655	0.2639847324493631	0.22703482006808204	0.299068803522659	0.2797150420268764	0.26862399886796756	0.3228126403592605	0.28436637492638056	0.28811240956652084	0.2494333531317934	0.232690258589503	0.23740812079040177	0.30456834619945994	0.36612205996698155	0.37810031341776773	0.3312708768463334	0.3547196333360928	0.2421814793247689	0.1830906893459946	0.0	0.19593053467302224	0.22777868979821073	0.14022678271819147	0.24241950692531739	0.26564654409316185	0.2511474806823323	0.2916715465090014	0.31226690894334375	0.2619496694971149	0.2733456866686243	0.24813984744204257	0.3104170713556861	0.41278840327726507	0.2966429404185134	0.3611557790445419	0.73670402049571	0.2973489822657966	0.3963723344435198	0.43838691009578296	0.31336014540916574	0.3647918720909614	0.5476199503289979	0.46833558432252353	0.5127513269143159	0.6099097745319004	0.41536502761062283	0.5396710154399983	0.3396469054575462	0.7065211580012007	0.25629787947699995	0.3991922235291428	0.41184778853608317	0.3396859848171708	0.28676074163106235	0.26995435416766506	0.34495733131233536	0.3631677325949554	0.5327758310736819	0.6400920313526324	0.5466035189653258	0.5272672790851379	0.4771050995916582	0.7731835230806711	0.45427206774915374	0.7648780487075376	0.7860000785231667	0.7097857607558156
iFT3b	0.14423341596812841	0.3023308462824354	0.22204950107480842	0.1704491710422138	0.25969397174468745	0.10547724722763951	0.13159116006321514	0.11354524815983474	0.18743825968894662	0.13035622734619495	0.1291696332016471	0.1462669367066304	0.17060177392199222	0.1396153156967742	0.14303014489115723	0.10061920174269504	0.12847994697073425	0.12918133980843224	0.24712337030561646	0.24493834316235927	0.20431444336229376	0.23785322220037317	0.21077610976782699	0.2301609781309331	0.19593053467302224	0.0	0.11408729251772295	0.19897726436992622	0.15772140747634164	0.13453362119689394	0.1428676250369635	0.13888708838931635	0.1802455409058792	0.11569743968309255	0.1323658275994506	0.11616661170074065	0.2431911065495104	0.27812742181892336	0.1981525019425465	0.27418801226754597	0.6310260233900487	0.21150226538426245	0.3387469245702922	0.38585828926899723	0.2054573616340835	0.40071796778807867	0.44550258337536536	0.3824493210766608	0.4920866090991321	0.530172523358762	0.32051483940704834	0.4801579589851876	0.28569905134077317	0.6289930702802135	0.2870322218236316	0.2697813108687693	0.2822952275398882	0.2645429548770227	0.20406585423804105	0.24318978027372842	0.24385402571570144	0.3990600609444261	0.43225359337257174	0.5551991937642862	0.47920156544296516	0.44691031759534333	0.48225850220428557	0.673872627128097	0.38502450214679823	0.6610869877672457	0.6774056810600437	0.6197663835238941
iFT3c	0.09304998117302338	0.3382298468056411	0.2615803984482319	0.1192407672524772	0.22330771184697554	0.06817183477731792	0.08966648911625139	0.1062023003687969	0.12783473901291084	0.09907937909945869	0.07874918396605673	0.1707998586264111	0.2005065590314816	0.13656717148057648	0.13897255222949562	0.10332143240709322	0.10700845901044886	0.16093789131697678	0.2606714545215208	0.2697130776031759	0.25238028659077544	0.26087060752863295	0.2651861056416944	0.2694633556880435	0.22777868979821073	0.11408729251772295	0.0	0.2440686299293576	0.15374749267370572	0.10062500133178774	0.1753524527463795	0.17284072692067246	0.12409987108688239	0.09791527115878222	0.13094461913111477	0.12879309183103715	0.15877090381360073	0.290633912397319	0.19385316972335878	0.22600312397418715	0.5993871191629332	0.21621020476586947	0.3352522768556493	0.3727400613705664	0.22592403495668564	0.4150176650194787	0.4042019322061424	0.33500750448909483	0.42491390492047704	0.4928520768285268	0.27998857810242106	0.4265642557713938	0.28058175965728305	0.5908392409821632	0.3046602706830438	0.29055419789865233	0.29241020712585236	0.2912380425259482	0.23488764585582372	0.2079380107526846	0.23981117061968155	0.4308135631947607	0.42715497025043325	0.45836982727473347	0.4069215742386417	0.3493353562878772	0.4972105057409911	0.6514934357543369	0.37449133285881403	0.63531284546006	0.6427788371885748	0.6018209365298665
iFT4a	0.24055445514952192	0.19679540942363521	0.11775924439267138	0.2663329667261915	0.37940313839964385	0.24212758286054076	0.23977320718011497	0.22474417541682098	0.2744752151287789	0.2386335892442777	0.24823251002223293	0.2800971329936763	0.2561394046545317	0.2543246016341884	0.2292722237671929	0.2596331315353228	0.2757302002527103	0.26355530385938986	0.35192268857689674	0.31623816741217553	0.2837243365564268	0.354678880038862	0.20582168598252729	0.15033444789422076	0.14022678271819147	0.19897726436992622	0.2440686299293576	0.0	0.20788837716658462	0.24406936845262991	0.20093985471511358	0.2415964107424907	0.268745224411941	0.22511724036404626	0.2417478242913094	0.2453961857799818	0.2891207109733274	0.3331173339003098	0.22547442067899492	0.3267509481487194	0.7125490382345873	0.2483926346497661	0.37622656601040727	0.42116778786323517	0.2730770270540298	0.37487858063191554	0.5262078318846808	0.44902635659610457	0.4938046523189901	0.5908910033641726	0.38580367888663303	0.5186618744840636	0.31461062730320244	0.6865158832341915	0.20417912867977217	0.32642284051952647	0.33469369443610114	0.2991986879380637	0.2177077294935866	0.22843613475941643	0.28687276897689185	0.34490153263020873	0.4839150428188182	0.6140965547770495	0.5318805492942447	0.509118312648716	0.4640202147182516	0.7537509817197631	0.43533386209577646	0.7440775201155696	0.7629432182051034	0.6883289630256946
